normal battary

10010001 10010100 00010001 10000010 01010000 3 18770
10010001 10010100 00010001 10000010 01010000 3 23143
10010001 10010100 00010001 10000010 01010000 3 31757

battary low

10010011 00001000 00010001 11110010 00000000 3 45150
10010011 00001100 00010001 11110010 00000000 3 46979
10010011 00001100 00010001 11110010 00000000 3 51760



normal battary

10010001 10010100 00010001 10000010 01010000 3 18770
10010001 10010100 00010001 10000010 01010000 3 23143
10010001 10010100 00010001 10000010 01010000 3 31757

10010001 10010100 00010001 10000010 01010000 3 18770
10011100 10010001 00000000 00001100 00000011 00100101 00000000 919C 280 37 
10010001 10010100 00010001 10000010 01010000 3 23143
10011100 10010001 00000000 00001100 00000011 00100101 00000000 919C 280 37 
10010001 10010100 00010001 10000010 01010000 3 31757
10011100 10010001 00000000 00001100 00000011 00100101 00000000 919C 280 37 


battary low

10010011 00001000 00010001 11110010 00000000 3 45150
10010011 00001100 00010001 11110010 00000000 3 46979
10010011 00001100 00010001 11110010 00000000 3 51760

10010011 00001000 00010001 11110010 00000000 3 45150
00001100 10010011 00000000 00010011 00000011 10100000 00000000 930C 287 32 
10010011 00001100 00010001 11110010 00000000 3 46979
00001100 10010011 00000000 00010011 00000011 10100000 00000000 930C 287 32 
10010011 00001100 00010001 11110010 00000000 3 51760
00001100 10010011 00000000 00010011 00000011 10100000 00000000 930C 287 32 
