k1,2
00111000 01010110 11000110 00101100 10000000 4346195
00111000 01100110 11000110 00101100 10010000 4353527



24.5
00111000 00010110 01111101 00101100 11110111 544
00111000 01010110 01111101 00110010 00111101 3485038
24.6
00111000 01010110 01111111 00110110 01000011 2308273
00111000 00010110 01111110 00111101 00001001 2509542
00111000 01010110 01111110 00111111 01001011 2692476
00111000 01010110 01111110 00111111 01001011 2693976

24.7 74
00111000 01010110 10000001 01000101 01010100 1925131
00111000 01010110 10000001 00110011 01000010 3539572
24.8
00111000 01010110 10000010 01010001 01100001 1971409
24.9 41
00111000 01010110 10000010 00101000 00111000 262480

25.2 85
00111000 01010110 10001001 01010101 01101100 1532755

25.5 95
00111000 01010110 10001111 01011111 01111100 1101807
25.6 95
00111000 01010110 10010001 01011111 01111110 1032574
25.7 96
00111000 01010110 10010011 01100000 10000001 840097
25.8 95
00111000 00010110 10010100 01011111 01000001 798851


26 96
00111000 01010110 10011000 01100000 10000110 870325
00111000 00010110 10011000 00110001 00010111 6215962


21.9
00111000 01010110 01001111 00110110 00010011 2997083
00111000 00010110 01001111 00111110 11011011 3022739
22.1
00111000 01010110 01010010 01000000 00100000 3049669

22.3
00111000 00010110 01010101 01000000 11100011 3079760
00111000 01010110 01010101 01000000 00100011 3082509
22.4
00111000 00010110 01011000 01000000 11100110 3136819
00111000 01010110 01011000 01000000 00100110 3113505

23.1
00111000 00010110 01100011 00111111 11110000 3193877
00111000 01010110 01100011 00111111 00110000 3195331

23.6
00111000 00010110 01101100 00111111 11111001 3250826
00111000 01010110 01101100 00111111 00111001 3252646




27.8
00111000 01010110 10111001 00100110 01101101 4941848
27.9
00111000 01010110 10111010 00100110 01101110 4894240
28.0
00111000 01010110 10111100 00100101 01101111 4822418
28.1
00111000 01100110 10111110 00101001 10000101 4608788
28.2
00111000 01100110 10111111 00100101 10000010 4496268
28.3
00111000 01100110 11000010 00100110 10000110 4454942
28.4
00111000 01100110 11000100 00100110 10001000 4415237
28.5
00111000 01010110 11000101 00110111 10001010 3932280



27.8
00111000 01010110 10111001 00100110 01101101 4941848
00111000 00010110 10111001 00100110 00101101 4961591

27.9
00111000 01010110 10111010 00100110 01101110 4894240
00111000 00010110 10111010 00100110 00101110 4904460

28.0
00111000 01010110 10111100 00100101 01101111 4822418
00111000 01010110 10111100 00100101 01101111 4844143
00111000 00010110 10111100 00100101 00101111 4847474

28.1
00111000 01100110 10111110 00101001 10000101 4608788
00111000 00100110 10111110 00101001 01000101 4609346

28.2
00111000 01100110 10111111 00100101 10000010 4496268
00111000 00100110 10111111 00100111 01000100 4542320

28.3
00111000 01100110 11000010 00100110 10000110 4454942

28.4
00111000 01100110 11000100 00100110 10001000 4415237

28.5
00111000 01010110 11000101 00110111 10001010 3932280
00111000 00010110 11000101 00110111 01001010 3935161
00111000 01100110 11000101 00101000 10001011 4383678

28.6
00111000 00010110 11000111 00101011 01000000 4277293






28.8
00111000 01010110 11001011 00110001 10001010 3991578
00111000 00010110 11001011 00110001 01001010 3992219
00111000 00010110 11001011 00101110 01000111 4049242
00111000 01010110 11001011 00101110 10000111 4051448

00111000 00010110 11001011 00101110 01000111 4049242
28.8
00111000 01010110 11001011 00101110 10000111 4051448
28.9
00111000 01010110 11001100 00101110 10001000 4074219





29.8 95
00111000 01010110 11011100 01011111 11001001 581610

28.2
00111000 01100110 10111111 00100101 10000010 4496268
00111000 00100110 10111111 00100111 01000100 4542320

31.2
00111000 01010110 11110101 00011111 10100010 6429009
31.7
00111000 01010110 11111111 00011110 10101011 6458379

-2.5
00111000 01010100 10010111 00101110 01010001 21743

-2.0
00111000 01010100 10100000 01000001 01101101 38385
00111000 00010100 10100000 01000001 00101101 50614
00111000 00010100 10100000 01000001 00101101 52109
-1
00111000 01010100 10110010 01001010 10001000 89580
0.2
00111000 01010100 11000111 01010001 10100100 101907
00111000 00010100 11000111 01010001 01100100 107746

